7119
3611
9259
6756
118
7512
9032
6651
9785
1487
3995
6141
4338
5880
4631
2597
2977
6513
7274
95
5980
9834
8565
7895
1073
7663
3492
6684
8859
913
5053
6612
8600
6655
7702
9784
5394
6245
7871
1264
3118
8623
4073
4405
5285
9183
4110
5888
5868
7241
1384
7952
2901
5922
3031
6733
4292
6129
7324
2979
4604
8319
2485
5105
1645
7673
6411
8685
982
4633
904
7698
1262
152
2804
5460
4428
8796
4642
7595
4904
8999
2066
5393
6022
1277
5405
7869
8932
9859
8508
5759
6685
4653
7353
995
4419
1118
6807
9930
5589
2487
901
457
6824
2054
3515
6301
306
1259
4079
1026
2707
6535
2580
7462
3718
8194
7757
9660
3847
9938
9713
1972
6975
9704
2585
260
4801
1068
7482
9374
471
6217
6280
1861
8601
8567
8208
3838
2562
9902
603
4055
6917
9410
4447
5149
3994
9699
1218
3169
5556
9298
5915
441
2113
2101
1779
249
8033
4863
8840
545
3783
8781
2742
3591
522
6890
2426
9940
2940
7599
9224
693
1484
377
6043
2126
1393
4711
948
1267
4334
5253
2606
8902
6465
6654
6247
3805
9386
6238
2610
37
8733
3282
2218
6318
6116
154
6765
3050
1427
1738
3898
6374
1145
9905
7057
8988
9984
536
7261
7294
3022
4233
3675
962
8220
9733
2658
7520
6195
6473
7683
4963
4983
8684
2673
7866
1048
1921
2564
7839
6292
8405
4698
2852
5204
9573
5419
1478
5044
4528
8559
6120
3245
7516
2595
1390
4802
6008
6463
4439
2944
9485
6345
4475
3062
6808
8113
9460
8697
7623
8053
7503
7181
7766
3889
8986
985
8436
665
5540
998
1707
1234
4222
6447
3314
9531
3493
2574
2481
9196
5043
6691
8418
7298
403
8710
9319
8444
8558
1049
9074
378
8863
4776
3700
8579
2605
7541
9329
8983
5628
8955
4839
6472
7258
753
3688
5638
1898
1110
9461
8893
1479
2094
8800
9686
7526
2589
7063
5407
2746
4186
1634
3525
5193
6322
5236
7650
3844
2376
8674
2360
8630
4930
3110
3705
4004
4241
4255
4819
3839
9394
143
6149
4016
9432
1542
9729
3621
490
4854
6732
2876
3077
2192
3095
4878
4864
4620
7608
1593
58
235
438
9649
12
7575
5735
5128
3680
2778
5549
4324
1902
4045
5462
5041
2847
2963
3450
8959
5895
2821
9796
2925
7001
1447
2159
9427
6660
3053
3228
5251
8727
4817
245
8791
7964
7586
885
9421
7386
9570
7135
1426
1050
7584
9962
1029
5577
6819
5009
8989
9527
7429
4702
3386
3378
8832
8036
2947
929
4847
8140
6209
1432
9912
9773
5454
552
2015
3986
3474
5029
9050
4730
874
1872
3542
8136
1303
8063
5741
6011
7343
2255
4992
934
5424
748
4458
9553
5705
120
557
686
7705
7100
5475
7129
8680
6906
8668
4948
5795
2115
5244
9759
6285
4331
5965
2934
5952
8740
6548
9995
4011
1948
3274
1904
1398
7636
6074
4022
5175
4891
4151
645
7518
6609
4926
3596
9557